set1_score: 0.300000000000
set2_score: 0.380952380952
set3_score: 0.066666666667
Duration: 0
